Current
0.002390140376699891
0.00490169271886323
0.0022608250640696625
0.009103751360341781
0.008873752658669033
0.0008592364883220591
0.0007537366723094645
0.007840184367084179
0.0029745958032812766
0.0037845687183723315
0.008224296465126948
0.0074148378370165365
0.005124060441919591
0.008917698441905948
0.007024277322940055
0.00775062637399666
0.004114328089359757
0.003264632857662715
0.001639345426177517
0.0035796416290102256
0.0010316343394288201
0.0034386212204119623
0.00802142997621895
0.0011888312145319129
0.007588881528859166
0.004939796534990703
0.006518904437038574
0.005748142483495746
0.004268514340505792
0.007393977357297541
0.0084371799426029
0.004924564009489241
0.001975958276823985
0.008852859238859173
0.005955447196446354
0.004375933515765458
0.008768201406932142
0.004771290622382392
0.006990054507576783
0.004534190843376681
0.0008427376402421623
0.004966699251661983
0.005717572383093206
0.0022949724667861043
0.0031035121576532057
0.007150870296278392
0.005220698768620635
0.008108969950613365
0.005534792385421845
0.0017820714463934555
0.004684726845712701
0.008100295914962728
0.008376763013391028
0.002705231315302324
0.005865830154100259
0.002998455125827031
0.006981114647140769
0.008553772719343817
0.0024705426764710468
0.008703919150090667
0.008918137884724852
0.00013848710360229711
0.0013422141574837016
0.00498769700103186
0.006324284550625933
0.002143962831294067
0.003458926482560938
0.005269312249026592
0.002184004437307953
0.005159663041772145
0.0018334526550483883
0.005967276574821287
0.007400644005429302
0.006824310932936843
0.0015206308410797053
0.004353917454392795
0.004714286465852322
0.0077093335319494164
0.0006267863408592815
0.0002133026758666442
0.0029462645819518
0.006063492969252926
0.0004944810843738299
0.003465310789074676
0.008675255871046698
0.003651659620279333
0.0007771555977354555
0.005561046310683622
0.0012615809994071532
0.009235163967634998
0.008174153456325783
0.005009948663553253
0.004791932985089438
0.007391637949459828
0.007692268764732046
0.003945666613517475
0.009052654301804667
0.0007664635948146172
0.005906265345824219
0.001580301883071176
0.009049992876752344
0.007091132217975032
0.0024195317934757425
0.009349690451612363
0.00503859580593075
0.004056166768501804
0.0016711625100498107
0.004047176038233333
6.0462800010819673e-05
0.003921020926151961
0.0064201077812320526
0.00881395082133829
0.004544717366145456
0.00915945826720554
0.007739867909490249
0.006258257578544381
0.007475327846802244
0.0012777322887993858
0.00034908173345185275
0.008171900609313444
0.0013941218037623192
0.006966522630897183
0.0010312582947186644
0.0007471123549245933
0.008109393530239014
0.00586128847289208
0.007358930657947858
0.008799815541267578
0.005528100899699706
0.004451457408914795
0.004210806188390047
0.00425046211036989
0.0064232353024646595
0.001365841911915137
0.00117891732229312
0.0025222915727390795
0.004977239901015826
0.00899620699086792
0.006423698746815847
0.0005174303645848196
0.0058095378923655695
0.005478245243313393
0.0008816809750448088
0.00911543993712683
0.006215490362107992
0.0021136133639232816
0.0022477254817445053
0.004773114281858986
0.003926514471066864
0.0050217312791696065
0.004038876345885007
0.0047084008843644
0.001504385090307086
0.0005725078496408479
0.009189286051784108
0.00731355932080665
0.00013292609657264502
0.00253078706771206
0.005279239299732948
0.003303583980921191
0.005005246304574222
0.0008695518748656024
0.004779035483730213
0.009372285024915097
0.005256329103241303
0.0032835684257979834
0.002313756576270724
0.0044907342311489955
0.0039057006382824345
0.0004918644671396394
0.0063292602482911105
0.0032547360057317946
0.0036933111553474605
0.0010420200787322335
0.005719579382257525
0.00934765526313019
0.003620190097411813
0.005286653817180254
0.008581814854207658
0.007951413084392778
0.000995787593071187
0.0031790922487617817
0.0024833003820446337
0.007066874533812924
0.005122999038348752
0.006897584369076524
0.0008774228723970616
0.0021998608270863127
0.000778101930515045
0.008049802956830915
0.0008141056294139169
0.009061517464613427
0.0038042605351605563
0.0030792216072539134
0.008967647555693434
0.004476546621329526
0.0009097601894558849
0.00381061012266459
0.004121193689014789
0.001471897012561595
0.006375019053709365
0.0024100124340329697
0.001553763801304815
0.006609229077944136
0.003044334550567518
0.0035100220588332705
0.003999918942469014
0.006410240706302006
0.004473471438423358
0.004857234497083155
0.00288549990561046
0.003876827212850912
0.005288147964434578
0.004296769717841601
0.0040748367162363915
0.009316254408881577
0.006396184749873636
0.006757521830024618
0.0006967710999155884
0.007234384150403616
0.0013626813183017018
0.006018149580885551
0.006731143747500526
0.001927902394290779
0.008116377104523448
0.004726970757964793
0.005162730687394902
0.007762663047939021
0.0016754268661299545
0.0028398830458289614
0.0030702094277504904
0.0021700499452306943
0.00598224882421796
0.002665804287704505
0.007831390400292675
0.0016143096302037895
0.00404891849176269
0.005174483355058948
0.005020372284185429
0.0023865536040964174
0.002930514053375404
0.005164302231213309
0.0064108798877352555
0.004672871276651999
0.0003101021157923056
0.006965875123273783
0.001613136744170772
0.004761582205986596
0.008274344973622068
0.007883746617440068
0.00888078580350164
0.0075368979748065374
0.0029414998742305284
0.007195666136160706
0.0021591349653513224
0.008318933669338549
0.004092930337631125
0.0011359296252604126
0.0036955288148837542
0.003458302454710958
0.0063902616919083634
0.007811040365643543
0.006351433167540069
0.007099365438100545
0.0008423281231486595
0.008419045049857252
0.006332350737216954
0.009300427746364146
3.81989893636346e-05
0.005401270859311659
0.008700477730194
0.00365861875959448
0.0062845385549550265
0.0014505504795090424
0.0018941340538793606
0.006694679425355925
0.004301145129325926
0.0012647921890787358
0.004745745999625577
0.006245005697346274
0.007812260064206171
0.008202687992318183
0.0034482426584208957
0.006240027337801483
0.007068321651585867
0.008118335791499247
0.0006794148728799349
0.0031201741575054725
0.00552864532804548
0.0057574811850086005
0.006126402339589292
0.004369374352291541
0.0054025279602223425
0.007621664163823179
0.001036778193304599
0.00530918042447413
0.006466135973241588
0.0037425904658880426
0.004833278601106797
0.007767056663272718
0.0012201315059528633
0.007935474012290191
0.002356940023705417
0.0029269926057594346
0.002849522483348226
0.0032029769134950922
0.0051439622704380975
0.0009622023914023981
0.0029431851603582745
0.005026207420574926
0.006542737024510865
0.0006911401934181601
0.006143031963934357
0.004362431934636519
0.004635782594256397
0.004206333207012862
0.007032442465575549
0.007942399320793696
0.002012542536528404
0.001576635531410982
0.0035863189741486287
0.005432512121431975
0.00043953266236812825
0.0026904981643643775
0.0002487123807518972
0.0032414879538546254
0.0028568149518044877
0.009166093149707667
0.007474392025182508
0.007196297074433284
0.00399314014685536
0.0008911824201545699
0.004629520894847507
0.00866974692374401
0.007083763539596108
0.002096769018499591
0.006151101909911097
0.00734698600016118
0.007660763559407198
0.0066421635536515955
0.00571758327213699
0.004736095233030087
0.001629883078126531
0.008784586007754369
0.0055439489895281234
0.009153732742607196
0.0011444950447114673
0.0004445406931523105
0.001959344442261815
0.00891848350084905
0.0003425016057916383
0.003951970610495126
0.004712876222920843
0.0032218435188323268
0.009078059087879824
0.005808218101944958
0.007561448399440804
0.003124168526257723
0.001991270014003671
0.0031884714364789936
0.0031791233659857485
0.008026087695395655
0.0010431898983196072
0.007098577041693081
0.003220462560373224
0.0038909862120826144
0.006804530561692632
0.003861876903015579
0.0060381942163213
0.0005744509825926454
0.003648632109100073
0.008631266372362667
0.007780403549704803
0.007697322083841071
0.0029744292406150394
0.00218987923672754
0.008548674601044907
0.006201108391232864
0.008573747441491749
0.0014976186603969622
0.005113954794990949
0.0014792680539581675
0.0013430889256312842
0.004644919964462549
0.0017068427812338912
0.005401076208802977
0.00010880974013967464
0.0039081314131630745
0.007816669312073551
0.0004669017618470487
0.0064362069969613415
0.007246343927221677
0.001914597324062707
0.009086997937743951
0.008159030526780423
0.0025809428475963812
0.004187942439885815
0.0077165879726848055
0.0057820777771941095
0.000898100298303595
0.0005141388813334032
0.007635960456138657
0.0025599302360410233
0.00042776736352304317
0.0037704994623386037
0.00923347575694577
0.0023765607522973583
0.009258350318521815
0.0006071802656009424
0.0057934753714270724
0.000789644400120735
0.008711405886354068
0.0042103219940263815
0.0013404918920967672
0.0059487617909235345
0.0033806185729324265
0.007384421782546214
0.009090978504063494
0.002648705628181952
0.003264032991332857
0.002803626970515931
0.004119439576947458
0.0025222387236629494
0.007041216492542559
0.008923323055170185
0.0011331984789889281
0.0001472471708592461
0.00029147868267840867
0.007331915608974293
0.0005946210676667393
0.0008702502510574369
0.004434762418979406
0.006650278200426784
0.0008967144473860646
0.0016687837375965035
0.00030480820298388545
0.004005153554695634
0.007207654352011865
0.0026229963190546345
0.0028187343296261574
0.005183682450180166
0.002155240454356239
0.0016740998666690563
0.008055367478025172
0.009090156649267808
0.008750903937050327
0.000625115239290771
0.0030719024385622534
0.006065403063367551
0.007717050307750846
0.0019487977622677922
0.005494645317151387
0.00880427265516827
0.006167776646974132
0.0031321408506221997
0.0013587761077091054
0.009114449580420984
0.0013155010434308422
0.004537995772278522
0.0037915676219489568
0.0010321222655244298
0.007014844087206688
0.005747782334268086
0.008528461319549
0.005878141349944275
0.001711143939766706
0.008555637467385515
0.004905645764358495
0.006450830949464668
0.007814179940258435
0.0031499517057216537
0.0037140126657827567
0.0020824559535662025
0.00701534452598455
0.00321610566430075
0.008482404348471966
0.0033025000237699074
0.0007753013842606121
0.007026098223153767
0.001406232502678167
0.0011254218415308805
0.004904921461963636
0.006811728012541192
0.0050969761986899035
0.004007488888589211
0.004346557311630127
0.0065929104745689965
0.0025583348433565216
0.00020641748647427547
0.00605786530196234
0.007608106173952081
0.0008955219535241409
0.003845020588288657
0.007639257685607639
0.008664532813312732
0.00073117867157201
0.006887872644806903
0.002791931112442114
0.0004767391983312903
0.006387198321553122
0.006505842954390297
0.003987840584085109
0.005502018714558445
0.002170309299742291
0.0013650257495690726
0.001627814871045723
0.00835576789309155
0.0015285612233597414
0.007698179135421136
0.0005080872191986645
0.00772002072339624
0.009339477273425885
0.00645443713796627
0.0028009838384741525
4.127570670899525e-06
0.005926971522287624
0.008097889605392207
0.004560884634463097
0.004367820538627831
0.005571188682793438
0.0024165186256570543
0.009280831935287526
0.00021749238523451558
0.008008680791074788
0.005843332893774121
0.0028018806153552443
0.008923901142401302
0.005929769518364679
0.008620884289659297
0.0031705373623526923
0.0024578977756336156
0.0018388202954363962
0.007734441289305337
0.003687773802023013
0.005997809679684397
0.0010719498482407008
0.004105181749796612
0.003827170640134915
0.008188534820852753
0.005246035948294467
0.004979261899456101
0.006193738087598051
0.0066741577532982415
0.002737336223612647
0.0002443082847518672
0.008021362010784502
0.0016482472851324776
0.0007369260914249106
0.004836369452707422
0.008927860347138467
0.007044672073979719
0.0008297816516659676
0.008084888265267681
0.0006331216381212985
0.003894318469222745
0.007664900584870277
0.0015918451995308824
0.003985183945078498
0.007495404603441293
0.006117832540483104
0.005455288581329895
0.0016950810389429979
0.00048805690450564514
0.0006790648148984977
0.0016368628527185702
0.0026042185781726614
0.008333753801429575
0.007838671831552962
0.005267443641727538
0.004623102396003008
0.004295890818407567
0.005186633437027283
0.003763766443910631
0.008956295964317582
0.006163386704226273
0.005404877626892951
0.004524751874558471
0.008876803890727217
0.0007973827074289191
0.0024190208348580573
0.00034452110480632554
0.006825708114132378
0.0015842896843963944
0.0010754348281329423
0.002420856244783197
0.005958084330260644
0.007888119444507277
0.007754324538600372
0.007465015522901427
0.0006102517123144198
0.009042277588568797
0.0023420531537814157
0.003360949270191407
0.008535938478331288
0.004273430512782554
0.00787878611118901
0.00858630079197864
0.00855156402048766
0.0031078793058312184
0.00014553621180285847
0.006721780563686697
0.0031714681172467247
0.0045462135154240866
0.00595462134038478
0.009097064536981829
0.008998749278715874
0.0016099868361846782
0.0067312227688773015
0.0025866686453174903
0.005734789268986773
0.001411186016805937
0.004390620732232539
0.006259632533684399
0.005126299951293439
0.00895824369011098
0.0001402139441013023
0.0023358056044033996
0.006983078572758817
0.005338600047549578
0.00021767887321313365
0.009281920990941049
0.007962183779370783
0.004171980989540629
0.005396728545374216
0.0067777446156128615
0.005133632293959109
0.004465371936235662
0.007011162650103449
0.005443475226467713
0.00509797156061603
0.005593088770902508
0.00406051164560168
0.003908623037473102
0.004596575287545808
0.004593071844245205
0.0057168035697606236
0.004605057347628014
0.0006547966478756673
0.008231742476359692
0.0012743580189821123
0.007852524865919825
0.005601540971862765
0.006656837858139523
0.002710372194002204
0.00752556138438994
0.0014815687393723341
0.002080850639801884
0.007952502590145457
0.0007794435750129392
0.008434297851974913
0.005445179826612453
0.008467670895007183
0.008063730854323742
0.007088586540174457
0.007328964106102026
0.0014329207227741063
0.009336171371590318
0.009356010440250525
0.0016573062449104375
0.0011929452290560373
3.8184842692571206e-05
0.0031206588833926504
0.0040188366318363485
0.006680897966662717
0.0048959991494155475
0.005128261710408991
0.0044358713993314465
0.00841272213560635
0.00034239685541073955
0.0016000546105298964
0.005127529695738218
0.008522722717178492
0.002757990686713924
0.00039298415234619027
0.0036668292320987013
0.009103441061748806
0.006106413192604571
0.007530927521724976
0.003119949952744649
0.008606932817905436
0.007997319529659284
0.007399756909082153
0.0017999800207339938
0.007262685186100202
0.004502495695478137
0.0069989153825848445
0.007599769223106807
0.0006269377771740433
0.008701789263553363
0.008963258858076584
0.005049858839063618
0.0024983929181637966
0.006038043583471977
0.0019965523604476786
0.004798308029914439
0.005897451845928546
0.007640966290731498
0.0030504446072624203
0.002648942197902383
0.008693221259520179
0.007209263254825992
0.0015212604949202
0.0009239172106671859
0.0016604174711935852
0.004273282724312774
0.007256428805633045
0.001510264250018752
0.001957084962116624
0.005945505335583687
0.004365115533733466
0.001240780043961548
0.006562917918077353
0.005425027486862895
0.002452322711105154
0.007312442319965021
0.007675989249443185
0.004918502904761218
0.0032823879228661254
0.008677761837564708
0.001384063404325331
0.007491361453744522
0.0031867587379446755
0.0012916761990259206
0.005593530698564473
0.000976542950499957
0.0017741791164572708
0.0007855341705942093
0.0062612697576025205
0.005661247087687481
0.003710603838467209
0.005300856648831517
0.006510116204175598
0.004112891684729656
0.006638329050122095
0.006175251487025362
0.002521281827721299
0.0018726285052407482
0.007833830970397661
0.0034836046599449285
0.008436562517891528
0.00488805403802629
0.006599098080049564
0.00447859488582126
0.004557402750762797
0.003134632950848854
0.007563441397321002
1.7340011707475508e-05
0.0052702198275655626
0.006693977733675229
0.0025994178721858293
0.007807472704094448
0.004534601344459759
0.00895416292948606
0.008013580400961973
0.008329873000284057
0.0059848663473513015
0.0003181467376944277
0.005583929700203533
0.007760712029540181
0.00936523154079865
0.005803186554906718
0.009189426259216744
0.0038188961872537026
0.003406597131296722
0.002298733349072114
0.004083421675337713
0.0058015614248532145
0.009262748631183978
0.0012333361145437348
0.003914315899454967
0.008241560459601727
0.0025381739312521816
0.009270415978578616
0.00464781752654453
0.007100393910762843
0.003158656582401287
0.007743285430850414
0.0006760150002780238
0.0012037039909458724
0.002931080300583623
0.0034396191413435936
0.00271671847338092
0.0007505279279163632
0.006454811134550691
0.0019373946258487505
0.0048653121583444705
0.004624797061296008
0.004486953329062575
0.00016745511026882714
0.007955478980687816
0.005016518994633212
0.006722679572750233
0.006615150785062836
0.008127266221954468
0.006316323585621379
0.003670084314893532
0.0010775278548706536
0.0012347488638231633
0.0034231157580994023
0.006335678187625317
0.000694544575455837
0.009078553507299929
0.0001951866099988112
0.008375521007996998
0.006312918040549291
0.000351661986160556
0.007830140029918777
0.009047160222880393
0.0024038670987393
0.0006123051902734664
0.002434495331070773
0.008756228786984647
0.006404865189067649
0.000568446595938609
0.006271670307638125
0.00034155539841819823
0.009043756013140187
0.000684106992200123
0.007670137616818167
0.006238833348568678
0.006125476489528088
0.00390761982414261
0.004043602804302587
0.00021684860210687907
0.0033120990399231297
0.00023118228840113202
0.004897175217189139
0.0027741529538687247
0.004804955715040024
0.009267454010904478
0.008116672579213976
0.006470194573249855
0.0051522636473473925
0.0061764953026494165
0.003995126719801208
0.006772306095896035
0.004423490933411972
0.0006750882990432176
0.0027187401588286276
0.0063438071500114745
0.00419245075426606
0.006931725727005842
0.007083510605584992
0.006102724657261492
5.8901999521475675e-05
0.006742411520372777
0.004715832578273357
0.008799770884162705
0.0037074630760318026
0.008111418731799477
0.0009562980395473344
0.005012460406642472
0.007343905256720559
0.0006839239558782253
0.00910378260414339
0.006926648658784073
0.0028784392656274744
0.0017843176404784334
0.0025492548703745198
0.007537701085814838
0.0020394778834571226
0.007762287434755485
0.005602765743628262
0.0051450609618585675
0.004008084843123858
0.00858442494653418
0.0014033463972679748
0.002858010972729289
0.0006574678758634527
0.0013520086375569632
0.0017457911176671985
0.0006750297159799182
0.0029624060675265684
0.0022539778581773424
0.0014005042794964467
0.0035482332902421762
0.007311368055147988
0.0017108398732627844
0.004292137177856086
0.005854649169406526
0.007488854895755215
0.0037989839753602675
0.008966055059194516
0.0028655571603139786
0.00245089380299841
0.0007890207332335966
0.009171966496198513
0.004620258675791365
0.00862635206543796
0.0010470970190948109
0.003529721155339812
0.0023168615144179235
0.009157751441072498
0.004290178885301162
0.00823148032492425
0.003977380823049204
0.0018699365641375095
0.008625339676233664
0.008109145803305707
0.002879468213653714
0.00802344145899979
0.002713636439303237
0.003685220293506968
0.0024686226641004397
0.001224490115657463
0.003301055799998351
0.000889333981268527
0.007887964442180333
0.006445244675777397
0.0008707732970021451
0.007197743960613954
0.007940424146089852
0.009013795560457309
0.003850596175184713
0.004340745710571174
0.005072026749422553
0.0007881636899841072
0.009291327022385254
0.007271596670487243
0.0016312413371221083
0.003995553730164375
0.005918362264609925
0.0006530493109666724
0.0031272136288189706
0.0046896443066890975
0.00483788765482388
0.003392294512458988
0.003426076230847746
0.006765471657270463
0.0012770938825583675
0.007980883820939836
0.0007682291239339428
0.0006585499825236949
0.0022615400519080376
0.0025536647744035168
0.008174817823544537
0.003481887623658894
0.004818037356532302
0.00529268753294752
0.004638877132652193
0.004097849538684839
0.004515996676028973
0.00011308688740241046
0.002800031615384505
0.007092738885064246
0.007437486593332084
0.0027639058204033
0.0005396213764463327
0.009030399330083514
0.0019283262003269557
0.0011486398122898696
0.008504223045709533
0.0046775689008583185
0.002185944860435269
0.004708588709839754
0.002734441026974644
0.007496221471068286
0.0031217892347052355
0.007557366436965954
0.0025641565816314875
0.002644208512289943
0.006266869718214593
0.000650349484339835
0.0015634983543884916
0.004496555271929093
0.005124755085327259
0.004423025743006309
0.0067679148507407685
0.002949127478075718
0.006540589165251108
0.0057009376533146035
0.006410633289190424
0.001875802905821159
0.003908522617008012
0.003306204727982301
0.007757016758248161
0.007207767294250345
0.002776119573644102
0.005900327043051209
0.0014998789364994245
0.0019785857158159123
0.0020827005776783377
0.005444958324649498
0.0024951246223565825
0.005594800143531246
0.006658209340177545
0.0009582391040962849
0.0025737950970517206
0.006122300200795724
0.005780198239874117
0.00566570622016273
0.004603669543312388
0.005045480298713381
0.0006303739976794893
0.0026030614135339413
0.0020904373123326824
0.0022079174942910146
0.00867745205574592
0.0023331839535188138
0.007420907931193147
