Time
0.0
0.01
0.02
0.03
0.04
0.05
0.06
0.07
0.08
0.09
0.1
0.11
0.12
0.13
0.14
0.15
0.16
0.17
0.18
0.19
0.2
0.21
0.22
0.23
0.24
0.25
0.26
0.27
0.28
0.29
0.3
0.31
0.32
0.33
0.34
0.35
0.36
0.37
0.38
0.39
0.4
0.41
0.42
0.43
0.44
0.45
0.46
0.47
0.48
0.49
0.501
0.511
0.521
0.531
0.541
0.551
0.561
0.571
0.581
0.591
0.601
0.611
0.621
0.631
0.641
0.651
0.661
0.671
0.681
0.691
0.701
0.711
0.721
0.731
0.741
0.751
0.761
0.771
0.781
0.791
0.801
0.811
0.821
0.831
0.841
0.851
0.861
0.871
0.881
0.891
0.901
0.911
0.921
0.931
0.941
0.951
0.961
0.971
0.981
0.991
1.001
1.011
1.021
1.031
1.041
1.051
1.061
1.071
1.081
1.091
1.101
1.111
1.121
1.131
1.141
1.151
1.161
1.171
1.181
1.191
1.201
1.211
1.221
1.231
1.241
1.251
1.261
1.271
1.281
1.291
1.301
1.311
1.321
1.331
1.341
1.351
1.361
1.371
1.381
1.391
1.401
1.411
1.421
1.431
1.441
1.451
1.461
1.471
1.481
1.491
1.502
1.512
1.522
1.532
1.542
1.552
1.562
1.572
1.582
1.592
1.602
1.612
1.622
1.632
1.642
1.652
1.662
1.672
1.682
1.692
1.702
1.712
1.722
1.732
1.742
1.752
1.762
1.772
1.782
1.792
1.802
1.812
1.822
1.832
1.842
1.852
1.862
1.872
1.882
1.892
1.902
1.912
1.922
1.932
1.942
1.952
1.962
1.972
1.982
1.992
2.002
2.012
2.022
2.032
2.042
2.052
2.062
2.072
2.082
2.092
2.102
2.112
2.122
2.132
2.142
2.152
2.162
2.172
2.182
2.192
2.202
2.212
2.222
2.232
2.242
2.252
2.262
2.272
2.282
2.292
2.302
2.312
2.322
2.332
2.342
2.352
2.362
2.372
2.382
2.392
2.402
2.412
2.422
2.432
2.442
2.452
2.462
2.472
2.482
2.492
2.503
2.513
2.523
2.533
2.543
2.553
2.563
2.573
2.583
2.593
2.603
2.613
2.623
2.633
2.643
2.653
2.663
2.673
2.683
2.693
2.703
2.713
2.723
2.733
2.743
2.753
2.763
2.773
2.783
2.793
2.803
2.813
2.823
2.833
2.843
2.853
2.863
2.873
2.883
2.893
2.903
2.913
2.923
2.933
2.943
2.953
2.963
2.973
2.983
2.993
3.003
3.013
3.023
3.033
3.043
3.053
3.063
3.073
3.083
3.093
3.103
3.113
3.123
3.133
3.143
3.153
3.163
3.173
3.183
3.193
3.203
3.213
3.223
3.233
3.243
3.253
3.263
3.273
3.283
3.293
3.303
3.313
3.323
3.333
3.343
3.353
3.363
3.373
3.383
3.393
3.403
3.413
3.423
3.433
3.443
3.453
3.463
3.473
3.483
3.493
3.504
3.514
3.524
3.534
3.544
3.554
3.564
3.574
3.584
3.594
3.604
3.614
3.624
3.634
3.644
3.654
3.664
3.674
3.684
3.694
3.704
3.714
3.724
3.734
3.744
3.754
3.764
3.774
3.784
3.794
3.804
3.814
3.824
3.834
3.844
3.854
3.864
3.874
3.884
3.894
3.904
3.914
3.924
3.934
3.944
3.954
3.964
3.974
3.984
3.994
4.004
4.014
4.024
4.034
4.044
4.054
4.064
4.074
4.084
4.094
4.104
4.114
4.124
4.134
4.144
4.154
4.164
4.174
4.184
4.194
4.204
4.214
4.224
4.234
4.244
4.254
4.264
4.274
4.284
4.294
4.304
4.314
4.324
4.334
4.344
4.354
4.364
4.374
4.384
4.394
4.404
4.414
4.424
4.434
4.444
4.454
4.464
4.474
4.484
4.494
4.505
4.515
4.525
4.535
4.545
4.555
4.565
4.575
4.585
4.595
4.605
4.615
4.625
4.635
4.645
4.655
4.665
4.675
4.685
4.695
4.705
4.715
4.725
4.735
4.745
4.755
4.765
4.775
4.785
4.795
4.805
4.815
4.825
4.835
4.845
4.855
4.865
4.875
4.885
4.895
4.905
4.915
4.925
4.935
4.945
4.955
4.965
4.975
4.985
4.995
5.005
5.015
5.025
5.035
5.045
5.055
5.065
5.075
5.085
5.095
5.105
5.115
5.125
5.135
5.145
5.155
5.165
5.175
5.185
5.195
5.205
5.215
5.225
5.235
5.245
5.255
5.265
5.275
5.285
5.295
5.305
5.315
5.325
5.335
5.345
5.355
5.365
5.375
5.385
5.395
5.405
5.415
5.425
5.435
5.445
5.455
5.465
5.475
5.485
5.495
5.506
5.516
5.526
5.536
5.546
5.556
5.566
5.576
5.586
5.596
5.606
5.616
5.626
5.636
5.646
5.656
5.666
5.676
5.686
5.696
5.706
5.716
5.726
5.736
5.746
5.756
5.766
5.776
5.786
5.796
5.806
5.816
5.826
5.836
5.846
5.856
5.866
5.876
5.886
5.896
5.906
5.916
5.926
5.936
5.946
5.956
5.966
5.976
5.986
5.996
6.006
6.016
6.026
6.036
6.046
6.056
6.066
6.076
6.086
6.096
6.106
6.116
6.126
6.136
6.146
6.156
6.166
6.176
6.186
6.196
6.206
6.216
6.226
6.236
6.246
6.256
6.266
6.276
6.286
6.296
6.306
6.316
6.326
6.336
6.346
6.356
6.366
6.376
6.386
6.396
6.406
6.416
6.426
6.436
6.446
6.456
6.466
6.476
6.486
6.496
6.507
6.517
6.527
6.537
6.547
6.557
6.567
6.577
6.587
6.597
6.607
6.617
6.627
6.637
6.647
6.657
6.667
6.677
6.687
6.697
6.707
6.717
6.727
6.737
6.747
6.757
6.767
6.777
6.787
6.797
6.807
6.817
6.827
6.837
6.847
6.857
6.867
6.877
6.887
6.897
6.907
6.917
6.927
6.937
6.947
6.957
6.967
6.977
6.987
6.997
7.007
7.017
7.027
7.037
7.047
7.057
7.067
7.077
7.087
7.097
7.107
7.117
7.127
7.137
7.147
7.157
7.167
7.177
7.187
7.197
7.207
7.217
7.227
7.237
7.247
7.257
7.267
7.277
7.287
7.297
7.307
7.317
7.327
7.337
7.347
7.357
7.367
7.377
7.387
7.397
7.407
7.417
7.427
7.437
7.447
7.457
7.467
7.477
7.487
7.497
7.508
7.518
7.528
7.538
7.548
7.558
7.568
7.578
7.588
7.598
7.608
7.618
7.628
7.638
7.648
7.658
7.668
7.678
7.688
7.698
7.708
7.718
7.728
7.738
7.748
7.758
7.768
7.778
7.788
7.798
7.808
7.818
7.828
7.838
7.848
7.858
7.868
7.878
7.888
7.898
7.908
7.918
7.928
7.938
7.948
7.958
7.968
7.978
7.988
7.998
8.008
8.018
8.028
8.038
8.048
8.058
8.068
8.078
8.088
8.098
8.108
8.118
8.128
8.138
8.148
8.158
8.168
8.178
8.188
8.198
8.208
8.218
8.228
8.238
8.248
8.258
8.268
8.278
8.288
8.298
8.308
8.318
8.328
8.338
8.348
8.358
8.368
8.378
8.388
8.398
8.408
8.418
8.428
8.438
8.448
8.458
8.468
8.478
8.488
8.498
8.509
8.519
8.529
8.539
8.549
8.559
8.569
8.579
8.589
8.599
8.609
8.619
8.629
8.639
8.649
8.659
8.669
8.679
8.689
8.699
8.709
8.719
8.729
8.739
8.749
8.759
8.769
8.779
8.789
8.799
8.809
8.819
8.829
8.839
8.849
8.859
8.869
8.879
8.889
8.899
8.909
8.919
8.929
8.939
8.949
8.959
8.969
8.979
8.989
8.999
9.009
9.019
9.029
9.039
9.049
9.059
9.069
9.079
9.089
9.099
9.109
9.119
9.129
9.139
9.149
9.159
9.169
9.179
9.189
9.199
9.209
9.219
9.229
9.239
9.249
9.259
9.269
9.279
9.289
9.299
9.309
9.319
9.329
9.339
9.349
9.359
9.369
9.379
9.389
9.399
9.409
9.419
9.429
9.439
9.449
9.459
9.469
9.479
9.489
9.499
9.51
9.52
9.53
9.54
9.55
9.56
9.57
9.58
9.59
9.6
9.61
9.62
9.63
9.64
9.65
9.66
9.67
9.68
9.69
9.7
9.71
9.72
9.73
9.74
9.75
9.76
9.77
9.78
9.79
9.8
9.81
9.82
9.83
9.84
9.85
9.86
9.87
9.88
9.89
9.9
9.91
9.92
9.93
9.94
9.95
9.96
9.97
9.98
9.99
10.0
