Voltage
6.120057984981752
12.550996567584654
5.788940524535447
23.310549769079067
22.721628128982246
2.2001122539102527
1.9299754043359751
20.075131740066563
7.61658142569029
9.69055216604751
21.05866740837761
18.986013522115293
13.1203787563297
22.834153210867477
17.98596640517875
19.845814618755476
10.534915321955802
8.359233868999308
4.197614986728777
9.165827475474618
2.6415444206336156
8.804738609690583
20.539218974540912
3.0440538297325013
19.431659935347252
12.64856303958878
16.6919372360531
14.718367861515816
10.929715897980369
18.932599360035383
21.603764775418558
12.60955949810835
5.059526774224199
22.66812962237258
15.24918056029523
11.204767350061093
22.451359576007505
12.21709635000504
17.89833740377184
11.60999209375009
2.1578662386055827
12.717448611158886
14.640091795016081
5.876376428592971
7.946677336231752
18.31011319792554
13.36782537860659
20.763368871559663
14.172075692217941
4.563071144953787
11.995446049553237
20.741158627482285
21.449064610668522
6.926861984273105
15.019712240799311
7.677674254749985
17.875446503814914
21.90230563152914
6.325931556895031
22.28676207240041
22.835278423243704
0.3546022285889583
3.436797500323177
12.77121425812695
16.193604585181575
5.489709714574162
8.856731113128212
13.492302301316466
5.5922379815352565
13.2115407556992
4.694634955754226
15.279470196120233
18.94966960140262
17.47394380023165
3.8936411483951447
11.148394271092545
12.071134737561717
19.74008250772242
1.6049135806616217
0.5461707426816718
7.544038106054334
15.525836442541518
1.266140239437691
8.873078406550334
22.21336850460043
9.350232662226622
1.9899405774907502
14.23930000527578
3.230332805717234
23.647037443373147
20.93027406194651
12.828190604044007
12.269952014026153
18.926609204914413
19.69638743194837
10.103050305971859
23.17971353696582
1.9625632407916092
15.123248301022757
4.0464314366025285
23.172898842815773
18.157151260337283
6.19531598099006
23.940287467342582
12.901542853210383
10.385990740117949
4.279084008427126
10.36296958575113
0.15481761891805146
10.039943955722704
16.438964118594185
22.568502933642076
11.636945711350613
23.453189717549755
19.818267104287095
16.024539662614224
19.140900812840783
3.271688881944508
0.8938389021204891
20.924505549569073
3.569709277466445
17.8380830140387
2.6405815418615006
1.913013552680086
20.7644534655423
15.008083069301971
18.842860767987318
22.532308936624148
14.154941853124479
11.398149550467117
10.781951674340021
10.883492380622574
16.446972272207006
3.4972973891937
3.018668879145605
6.458436847758511
12.744438400492495
23.035177751788986
16.448158941546485
1.324902865672546
14.875573465821692
14.027284285000867
2.257582334548796
23.340478876333087
15.915032352081962
5.411998588510942
5.755398476465578
12.221765909103082
10.05401041547965
12.858360501799718
10.34171786391737
12.056064451174962
3.8520431997109466
1.465931152335469
23.529565052222118
18.726685493569445
0.3403630291644655
6.480189930695651
13.517720944729637
8.4589699076211
12.816150010153196
2.2265252480588016
12.23692740302451
23.99814185117153
13.459058394051427
8.407719211574216
5.924473954731099
11.498719555426835
10.000715694896627
1.2594402776472213
16.206345074620387
8.333892550858973
9.456883222279668
2.668137556071775
14.64523080332755
23.93507627906147
9.269653585538729
13.536706137880016
21.974108732745453
20.35993768960818
2.5497572735604566
8.140203433947129
6.358598214731037
18.095038409100297
13.117660986502317
17.661563607965647
2.2466792782412
5.632838954524977
1.9923637035718107
20.61186922062886
2.084552734426623
23.20240804932532
9.74097391606203
7.884480329570558
22.962050080715745
11.462391565820074
2.3294803795522414
9.757232309955638
10.55249498731775
3.7688560691301367
16.323512478348313
6.170941248720112
3.9784795285039065
16.923217392316534
7.795150509478199
8.987563549838267
10.241965744680176
16.413699045754647
11.454517426759608
12.437159364608771
7.388447519713494
9.92678403816693
13.540531966657149
11.002065015784677
10.433795950149175
23.854673031347293
16.37770816035955
17.3029274086538
1.784112588244997
18.523954039567393
3.4892045523169415
15.409732732169898
17.235385185546814
4.93647760502487
20.782335210053965
12.10361341704997
13.219395595218948
19.876635043861754
4.290003076919297
7.2716435739381335
7.861404253508379
5.556506900007021
15.31780728935815
6.825907371972346
20.052614407107097
4.133509746487222
10.367431213503107
13.249488809945312
12.854880736265631
6.110873898337221
7.503708195258571
13.223419601251543
16.41533569750638
11.965089351342634
0.794029902350263
17.836425042716364
4.130506520985566
12.192237529216174
21.186818782680945
20.18667476939375
22.739636801030105
19.29855379306
7.53183786550782
18.424814886679172
5.5285586211453
21.300990069823648
10.480125451618445
2.9085970184943717
9.46256163560023
8.855133262782957
16.362541913828906
20.000507261743095
16.263119794976898
18.178232777164688
2.15681765234575
21.557329596867238
16.21425840540735
23.81414817629708
0.09781016719860158
13.830188039926213
22.277950167658926
9.368051839940808
16.091833241310702
3.7141973464318774
4.850012306421854
17.14201670891527
11.013268446450617
3.2385551959929026
12.151688236740977
15.990607646681969
20.003630352754925
21.00333797758529
8.829374718551637
15.977860341385083
18.098743816852846
20.787350512913655
1.7396712169790263
7.989341108717963
14.156335885490645
14.742280011329381
15.686918610773343
11.187972327816931
13.833406901270658
19.515601292447485
2.654715481334873
13.59438649179872
16.556821298359992
9.583065031895678
12.375819255096069
19.887885086272675
3.1241995819696706
20.319125004945143
6.035047042767308
7.494691376074685
7.296325771325202
8.201361152775984
13.171338250478154
2.4637609096422457
7.53615311365125
12.869821855792388
16.752961608798923
1.7696944082049386
15.729499484370729
11.170195966637944
11.87012217323862
10.770498411736295
18.006873606643573
20.336857557400435
5.153202356173832
4.037043584335582
9.182925106990801
13.910182645081722
1.125442424306657
6.889137112997462
0.6368388261304165
8.299970340068882
7.314998452746363
23.4701786216461
19.138504601039912
18.42643043146088
10.224608344826875
2.2819111963929473
11.85408882062029
22.199262606362268
18.138283440107426
5.3688679122891605
15.75016293066651
18.812275954234174
19.61571698878258
17.00754754421871
14.640119676884446
12.126977030763413
4.1733862345974595
22.493313056259264
14.195521573732783
23.438529263763066
2.9305291460870295
1.1382657040974813
5.016986331049994
22.836163388303184
0.8769902001690593
10.1191919633475
12.067523749438301
8.249669913118783
23.244763592348214
14.872194085271115
19.361416218958638
7.999568862960132
5.098733140638487
8.164219250440977
8.140283110947218
20.551145266283893
2.671132929806509
18.17621405400689
8.246133909155606
9.963038769124188
17.42329530269604
9.888503122126338
15.461057889616917
1.4709066284428385
9.342480588688233
22.100731487418926
19.92206036722254
19.709326674457024
7.61615493476723
5.607280659968918
21.8892516787539
15.878206692571691
21.95345177297378
3.834717462777265
13.094502809551866
3.787729939969058
3.4390373820635176
11.893518805518898
4.370444888606033
13.829689628865694
0.27861205370081876
10.006939799289396
20.014920422945604
1.1955221892612986
16.480186857951452
18.554577566255407
4.902409396277029
23.267651904692045
20.891551145659815
6.608615978038464
10.723408055745898
19.758657817516774
14.805260651243138
2.299624723103679
1.3164748802070738
19.552207568293834
6.554812275800587
1.0953168668940094
9.654527226436702
23.64271470676334
6.085286768375419
23.70640709934431
1.55471137554904
14.834444685066012
2.021918697063133
22.305932184958213
10.78071187369462
3.4323875651845057
15.232062289815541
8.656220317912533
18.90813189689889
23.277844317207286
6.782125513482524
8.357697885273097
7.178808322340913
10.548003507374197
6.458301525409446
18.029339882818547
22.848555276811304
2.9016038001420545
0.37703276032153
0.7463437950205138
18.773687564690523
1.5225530051238216
2.2283134705544443
11.35540130544381
17.028325448845536
2.296076191788737
4.272993058502495
0.7804746092508248
10.255369196070776
18.45551123274353
6.716295713631919
7.217491369853873
13.273043491544787
5.518586557016595
4.286605237308742
20.626117418224073
23.275739922396898
22.407068654979533
1.6006346526966464
7.8657392810398985
15.530727321274934
19.759841646483576
4.989981100000935
14.069277384579848
22.54372156986687
15.79285931733272
8.019982344888355
3.4792050914052552
23.337943025081554
3.368397414471877
11.619734779047995
9.708473161875958
2.6427937765403344
17.96181219639796
14.717445683815285
21.83749469576342
15.051235591128162
4.3814581913726975
21.90708039967825
12.561118511837023
16.517632121904338
20.008546278563454
8.065587811007994
9.509890336621481
5.332218689427995
17.963093591569685
8.234977888003872
21.719563825948462
8.456194388373879
1.985192783556469
17.990628899064642
3.6007192467243927
2.8816913830156823
12.55926390417531
17.441724687416137
13.051028378142332
10.261348919681286
11.129548306677911
16.881432901387317
6.5507272037131274
0.5285409169485664
15.511426556630914
19.480885471996185
2.2930227595916772
9.845341797985075
19.560650267198334
22.185911650706856
1.8722146661448988
17.63669631722254
7.148860571031549
1.2207113715762974
16.354698021316853
16.658492743856513
10.211038584755386
14.08815728808569
5.557170988470238
3.495207570147185
4.168090500764047
21.395305695549116
3.913947235799059
19.711521192158685
1.3009793371288652
19.767447524433894
23.914136182120373
16.5268659237972
7.172040468236886
0.01056882352570998
15.176267362931695
20.73499716757601
11.678342702308665
11.183993720613579
14.265269988471092
6.187600634247826
23.763972253066477
0.5568986750330751
20.50657413363359
14.962107031062928
7.174336704292883
22.850035494211628
15.183431753107374
22.0741477148636
8.118298276664756
6.293553740473105
4.708379031515372
19.804372008200737
9.442704589192125
15.357651533938462
2.7447740275755397
10.511495723248355
9.799636232406264
20.967098168876056
13.432702324869407
12.74961581509988
15.859334710803719
17.089470078530653
7.009067992914735
0.6255619475192846
20.539044946101477
4.2204085822470905
1.8869311836794687
12.383733514527524
22.860173209469725
18.038188048798006
2.124691868550987
20.701706672917105
1.6211353837714348
9.9715711578982
19.626310021713284
4.075988598500249
10.204236145482732
19.19230821802047
15.664975268883973
13.968502757417694
4.3403284379044775
1.2496908485640352
1.7387748783516441
4.1912582498321305
6.668214494576781
21.338937660110123
20.07125882730979
13.487517651371697
11.837653976253906
10.999814555706392
13.280599621215384
9.637287041050588
22.93298383920153
15.781618678736946
13.83942332457771
11.58582320515718
22.7294409408588
2.041732968180164
6.194007649312706
0.8821612148889413
17.477521343214292
4.056642374663255
2.7536974695728933
6.198707295943326
15.255933055677904
20.197871582547698
19.855283929442564
19.11449566072162
1.5625759479262564
23.153143513164654
5.996928567368149
8.60585621609128
21.8566402847659
10.942303970083266
20.173973178228945
21.985595170756824
21.89665016241828
7.957859608343881
0.3726517755320593
17.21141034774093
8.120681514894951
11.640776666397716
15.247065920070181
23.293427868165974
23.041687389965748
4.12244104512056
17.23558752320557
6.623277131167824
14.684176377250921
3.6134029342545944
11.242374604134021
16.028060294818793
13.126113117105941
22.937971075478796
0.3590238785002988
5.9809314465169106
17.88047522044504
13.669716711259156
0.5573761855817319
23.76676082724957
20.387516520728948
10.68253807062317
13.818557248298182
17.35470872728446
13.144887898167802
11.433778300505178
17.952385717200535
13.938254150491293
13.053577045477237
14.321346112873783
10.397115986169636
10.008198624634353
11.7697301657888
11.760759447434427
14.638123215169934
11.791448848106059
1.676635185295619
21.077733242730037
3.2630489178905133
20.106730121975005
14.342988339615676
17.045121736609616
6.940025426907577
19.26952596215186
3.7936209446469267
5.3281082139858436
20.36272741628966
1.9957990424340748
21.596385057501905
13.942618853011995
21.681838180039747
20.647532205571476
18.150632942039966
18.76613011371517
3.669055590520493
23.905671277245514
23.956470072057783
4.24360444122893
3.054587942157087
0.09777394403445339
7.990582270352347
10.290405307895208
17.106728686863395
12.536417936345659
13.131136286312563
11.358240897680673
21.541139500993864
0.8767219822805625
4.097009151027747
13.129261931034248
21.82280075577453
7.061954640519514
1.0062529477278366
9.389075110498377
23.309755236088378
15.635735533909163
19.283266189280756
7.988767022714428
22.03842436700427
20.4774831315639
18.947398152773182
4.60892682542381
18.59642006758257
11.528835294395282
17.92102605811853
19.459538348166802
1.6053013399063962
22.281308405646442
22.95081263033186
12.930382337506739
6.397243307333188
15.46067218768021
5.112258817560745
12.286275592493011
15.100680952703815
19.56502522464158
7.810795574357593
6.782731260500834
22.259369660119265
18.459630898103207
3.8952534043328546
2.3657300457025645
4.251570870917697
10.941925551303605
18.58040033434499
3.867097042861383
5.011200834248515
15.22372399483519
11.177067438389924
3.1770710581181687
16.80463566109295
13.891017914003285
6.279278546213884
18.72382536452151
19.65470302775752
12.594039776860946
8.404696482673085
22.219785140438287
3.5439543099379396
19.181955558056472
8.159833811642905
3.3073928681855165
14.322477687798319
2.5004805325019275
4.5428624922248835
2.01139427628888
16.032252477592234
14.495868435892623
9.501161886595987
13.573073103646554
16.66943458506605
10.531237345669636
16.997729131805393
15.811998969123865
6.455851351894291
4.7949464174262975
20.058863592596175
8.919920655477277
21.602183832695783
12.516074134419458
16.89727653329213
11.46763623579017
11.669427188244917
8.026363475486454
19.366519376375525
0.04439985121565826
13.494626195485434
17.14021999696676
6.655922078911711
19.991372109781267
11.611043199557862
22.927522111103812
20.519119797020423
21.329000700645196
15.324509570742642
0.814628505255846
14.29789391554148
19.871639376725604
23.98008109950622
14.859310591092957
23.529924059427728
9.778449137321523
8.722739542099374
5.886006330622764
10.455778109862877
14.855149375183826
23.717669169468277
3.1580105543430594
10.022775444376471
21.102872614175574
6.499104314818609
23.737301744652406
11.900938138763788
18.18086622597405
8.087877024876272
19.827017815790494
1.730965695885752
3.0821362180886105
7.50515809576731
8.807293829469952
6.956275350202986
1.9217592753017971
16.52782355825464
4.960782875170496
12.457842566224965
11.841993240156313
11.489038391830753
0.42877606466852924
20.370348593222513
12.845014221427263
17.213712299396782
16.938380179946005
20.81021726699622
16.173220189386566
9.397409891017748
2.759056755213093
3.1616279600789863
8.765036201680624
16.222778486336427
1.7784114759038578
23.24602957469362
0.49978377116664774
21.445884402048463
16.16450014368765
0.9004457509679922
20.049412779593688
23.165645709854743
6.155205851460163
1.5678339672052743
6.233630767282437
22.420703163930156
16.399934800987168
1.455532136281131
16.05888353655183
0.8745673951958777
23.156929083330965
1.7516855917797454
19.63971966890503
15.974803080226096
15.684547931580102
10.005629853438416
10.353820165464668
0.5552502404435016
8.48077308510198
0.5919522651925613
12.5394293088319
7.103338825783443
12.303297278261383
23.729717498098488
20.783091785800206
16.567213519515946
13.192594285703258
15.815183812916324
10.229695050921004
17.340783161931096
11.326540178322555
1.7285928372256265
6.961451963379343
16.24359304670535
10.734951790034724
17.748984034083858
18.13763579161385
15.626290879361104
0.15082112164496575
17.264236806151207
12.075093625399552
22.532194590172395
9.493119828309737
20.7696390818777
2.4486425609172153
12.83462203104271
18.804387577184336
1.7512169193476605
23.31062977018669
17.735983980943114
7.370368445141893
4.568822622222485
6.527477539511962
19.300610193590735
5.222171478931785
19.875673270032244
14.346124420783244
13.174151497459976
10.262874887086383
21.98079198722715
3.5933292487839648
7.318060916140728
1.6834749802866247
3.461876690886818
4.470173791441244
1.7284428327539958
7.585369079182248
5.771407957199814
3.5860518830980572
9.08540506332416
18.721074662916045
4.380679615916029
10.990203196451603
14.991082845086027
19.175537407730733
9.727463056091715
22.957972424436946
7.337383256382356
6.27561976510055
2.020321770978871
23.485217579792778
11.830372507450662
22.08814819163078
2.681137281823519
9.038003939886924
5.932424283375345
23.44881931528957
10.985188903523651
21.07706199262214
10.184255913464266
4.788053585605798
22.085555925212432
20.763819149997047
7.373003111141224
20.544369463346733
6.948383668421036
9.43616622000859
6.321015282037476
3.135359990950705
8.452496390837258
2.277178188543468
20.197474692374236
16.50332822610836
2.229652752356312
18.430135246211382
20.33180003699877
23.080214046229802
9.859618329789152
11.114667450384657
12.98714423238334
2.0181272746080117
23.790845378269363
18.61923830943674
4.176864115600848
10.23078842945569
15.154222985660466
1.6721610534385132
8.00736597999423
12.008037421427378
12.387620936821303
8.686117066918698
8.772616620412279
17.3232832857351
3.270054215106068
20.43539878732711
1.967083954591426
1.6862457612713637
5.79077128187174
6.538769289832891
20.931975202993176
8.915524109678007
12.336793388051394
13.552155728506804
11.878045872868835
10.492721279035944
11.56340514001218
0.28956387457018185
7.1696022597617315
18.16126520102646
19.044006643895973
7.077100596598414
1.381723912947348
23.122728717699417
4.937562778741474
2.941142003039439
21.775431545498495
11.977117821642787
5.5972065190196405
12.056545386441957
7.00165471649163
19.19439984296936
7.993476583859561
19.350964177194843
6.565634016787167
6.770610453407986
16.04659141935214
1.6652480303932071
4.0034052734144385
11.513624582535044
13.122157420869765
11.325349038134945
17.329539188464732
7.551368675611736
16.74746192211046
14.597497848734935
16.414704271248702
4.80307460764017
10.007941493682875
8.465680444012317
19.86217747448845
18.455800426238266
7.108374440920132
15.108043019501434
3.8405049976618217
5.066254445594196
5.332845060065211
13.942051687639498
6.388874694323169
14.325728156633176
17.04863347578606
2.4536127407894837
6.590313853099716
15.67641490667135
14.800448014506223
14.507286237782953
11.787895315030664
12.919170895244076
1.614099931381408
6.6652515243863375
5.352655304333953
5.653468399949666
22.218991930670295
5.9742185958465255
19.001556261235265
